%YAML:1.0
A0: !!opencv-matrix
   rows: 3
   cols: 3
   dt: d
   data: [ 7.5230668374483241e+02, 0., 3.4759500800806734e+02, 0.,
       7.5153998883873680e+02, 2.5327415139854548e+02, 0., 0., 1. ]
