%YAML:1.0
M1: !!opencv-matrix
   rows: 3
   cols: 3
   dt: d
   data: [ 7.5230668374483241e+02, 0., 3.4759500800806734e+02, 0.,
       7.5153998883873680e+02, 2.5327415139854548e+02, 0., 0., 1. ]
D1: !!opencv-matrix
   rows: 1
   cols: 5
   dt: d
   data: [ -4.1924414208339128e-01, 0., 9.6999685990352663e-04,
       -6.0883258867637958e-04, 0. ]
M2: !!opencv-matrix
   rows: 3
   cols: 3
   dt: d
   data: [ 7.5080601250410507e+02, 0., 3.6148466669709302e+02, 0.,
       7.5027279743143333e+02, 2.3473061885529276e+02, 0., 0., 1. ]
D2: !!opencv-matrix
   rows: 1
   cols: 5
   dt: d
   data: [ -3.6383771104264290e-01, 0., 2.6825314718895627e-03,
       6.6140649807598234e-03, 0. ]
