%YAML:1.0
Q: !!opencv-matrix
   rows: 4
   cols: 4
   dt: d
   data: [ 1., 0., 0., -3.7390002059936523e+02, 0., 1., 0.,
       -2.4732647132873535e+02, 0., 0., 0., 7.4208586948829418e+02, 0.,
       0., 1.6519923036434855e-01, 0. ]
