%YAML:1.0
R: !!opencv-matrix
   rows: 3
   cols: 3
   dt: d
   data: [ 9.9988204946096793e-01, -1.8577512545335743e-03,
       1.5245849468323316e-02, 1.6655958795418744e-03,
       9.9991914371895874e-01, 1.2606816200387203e-02,
       -1.5268037074245941e-02, -1.2579935795566329e-02,
       9.9980429697980333e-01 ]
