%YAML:1.0
t: !!opencv-matrix
   rows: 3
   cols: 1
   dt: d
   data: [ -6.0530629455819485e+00, 7.2743860851457297e-03,
       5.2727814059849887e-02 ]
