<?xml version="1.0"?>
<opencv_storage>
<calibration_Time>"04/19/17 09:59:36"</calibration_Time>
<nrOfFrames>25</nrOfFrames>
<image_Width>640</image_Width>
<image_Height>480</image_Height>
<board_Width>5</board_Width>
<board_Height>7</board_Height>
<square_Size>30.</square_Size>
<FixAspectRatio>1.</FixAspectRatio>
<!-- flags:  +fix_aspectRatio +fix_principal_point +zero_tangent_dist -->
<flagValue>14</flagValue>
<Camera_Matrix type_id="opencv-matrix">
  <rows>3</rows>
  <cols>3</cols>
  <dt>d</dt>
  <data>
    5.1237425768221919e+002 0. 3.1950000000000000e+002 0.
    5.1237425768221919e+002 2.3950000000000000e+002 0. 0. 1.</data></Camera_Matrix>
<Distortion_Coefficients type_id="opencv-matrix">
  <rows>5</rows>
  <cols>1</cols>
  <dt>d</dt>
  <data>
    3.5469534932894745e-002 -5.1943669250325686e-001 0. 0.
    1.4123734915579991e+000</data></Distortion_Coefficients>
<Avg_Reprojection_Error>2.3066637106228233e-001</Avg_Reprojection_Error>
<Per_View_Reprojection_Errors type_id="opencv-matrix">
  <rows>25</rows>
  <cols>1</cols>
  <dt>f</dt>
  <data>
    1.15077108e-001 1.06217138e-001 1.02140523e-001 1.34375319e-001
    1.03416055e-001 1.01008944e-001 7.81657845e-002 1.11817002e-001
    9.86370444e-002 8.76811072e-002 8.62197205e-002 1.07852973e-001
    1.01335853e-001 9.46921408e-002 1.23879105e-001 1.08049750e-001
    9.87326801e-002 9.10014957e-002 8.83641839e-002 9.13042575e-002
    8.95708874e-002 8.67107362e-002 9.77872983e-002 1.01845396e+000
    2.41626114e-001</data></Per_View_Reprojection_Errors>
<!-- a set of 6-tuples (rotation vector + translation vector) for each view -->
<Extrinsic_Parameters type_id="opencv-matrix">
  <rows>25</rows>
  <cols>6</cols>
  <dt>d</dt>
  <data>
    -1.8765149763883945e-003 3.8238702197821306e-001
    1.2499274455957390e+000 -3.6825494610702215e+001
    -7.5920392067126627e+001 4.9335850873122018e+002
    1.1963579283168878e-001 5.0240232353870018e-001
    1.3323842761806277e+000 -3.6769321841001045e+001
    -6.0513645014770411e+001 4.6523040260569888e+002
    1.7944810829727770e-001 4.5368684602634568e-001
    1.3775396408901224e+000 -3.4889336344929880e+001
    -5.5029318938588759e+001 4.5579531886369898e+002
    2.1485834261329276e-002 3.1209784683605130e-001
    1.4767915205204327e+000 -3.9536772016723667e+001
    -6.6116517234726274e+001 5.1417459032702925e+002
    9.9560055549213253e-002 3.7643371354304839e-001
    1.4659137859485658e+000 -6.6898052676444493e+001
    -6.5616404942651982e+001 5.1167530739239095e+002
    1.1811891329113203e-001 3.8944893184909657e-001
    1.4608054907261867e+000 -7.4053040240374671e+001
    -6.4492238268619602e+001 5.1034811985530797e+002
    4.2158235116230409e-002 3.3664198535013523e-001
    1.4736326492145939e+000 -5.4371637984056527e+001
    -6.4710991194314857e+001 5.1805775349238490e+002
    2.1030352050800071e-002 4.1076721585231818e-001
    1.4810432085187974e+000 -2.4268422272096039e+001
    -6.0643460074405262e+001 5.0846462289390286e+002
    1.2381861688414279e-001 4.9779646743082206e-001
    1.4727295675056458e+000 -3.5903089767051412e+001
    -6.1497172557705568e+001 4.9504256694053817e+002
    2.7773802572431859e-002 4.2280143446379592e-001
    1.4758519725542887e+000 -3.4093777503952658e+001
    -6.2140010069650721e+001 5.1036032816039574e+002
    -1.2148256888757776e-001 6.7306194109936179e-001
    1.4576568628665461e+000 -3.4691048993247463e+001
    -4.7248790844507951e+001 5.4358268158299074e+002
    8.7135091575444204e-002 7.4343287232102695e-001
    1.4399299107179291e+000 -3.3831347803094602e+001
    -5.3211946966128231e+001 5.1206061524254926e+002
    9.9944290088657531e-002 7.1428305245783219e-001
    1.4234127293414474e+000 -4.5473922814481753e+001
    -5.3029127013230180e+001 5.1290321863346048e+002
    1.0669298804437310e-001 6.8995161590622278e-001
    1.4210990931867353e+000 -4.8917081639248934e+001
    -5.4058955078741235e+001 5.1112258819719739e+002
    2.7955314652037000e-001 7.4385494931125196e-001
    1.4076298099550844e+000 -5.7121341552387008e+001
    -5.5648547318583297e+001 4.7759683264306676e+002
    2.1724922299186675e-001 6.9253699187582729e-001
    1.4209165857468782e+000 -4.8554833826286789e+001
    -5.4935854180553818e+001 4.8425434305096979e+002
    1.8707630910467540e-001 6.6107320274016301e-001
    1.4277790045663861e+000 -4.4555787172077096e+001
    -5.3812847566492273e+001 4.8723496258474290e+002
    1.2665861639231460e-001 6.0606922547168829e-001
    1.4365483647527857e+000 -3.9030663059492909e+001
    -5.3887881325857229e+001 4.9337488064522285e+002
    9.9572070614976485e-002 5.7658640308926423e-001
    1.4396120727040687e+000 -3.6275961055921030e+001
    -5.3031496125163059e+001 4.9547145398318975e+002
    4.8774725584063684e-002 5.3321030095762612e-001
    1.4444214290455673e+000 -3.2008070355349659e+001
    -5.1504442126305975e+001 5.0059815074192204e+002
    1.2043271368331408e-002 5.0349336249615206e-001
    1.4537118860225831e+000 -2.9043335057261334e+001
    -5.0437798813012037e+001 5.0640482932387528e+002
    -2.0149772051181319e-002 4.7264506160495701e-001
    1.4599349144640594e+000 -2.6914913231945732e+001
    -4.9248187942596104e+001 5.0737148304023094e+002
    -5.5788936737069035e-002 4.4700339827311092e-001
    1.4547987582815725e+000 -2.6078457798927214e+001
    -4.9021641772390936e+001 5.0919559186129118e+002
    -1.5057071959014529e-001 2.4270951926105327e-001
    1.6050447223817940e-001 -2.6225028453103818e+002
    -7.9959767132049080e+001 5.6868866643538388e+002
    -7.4903066950814556e-002 5.2043878858008497e-001
    4.3940518578322663e-001 -1.8322011212806581e+002
    -1.0293083130600199e+002 5.7918625711590539e+002</data></Extrinsic_Parameters>
