%YAML:1.0
d0: !!opencv-matrix
   rows: 1
   cols: 5
   dt: d
   data: [ -4.1924414208339128e-01, 0., 9.6999685990352663e-04,
       -6.0883258867637958e-04, 0. ]
