%YAML:1.0
R: !!opencv-matrix
   rows: 3
   cols: 3
   dt: d
   data: [ 9.9988204946096793e-01, -1.8577512545335743e-03,
       1.5245849468323316e-02, 1.6655958795418744e-03,
       9.9991914371895874e-01, 1.2606816200387203e-02,
       -1.5268037074245941e-02, -1.2579935795566329e-02,
       9.9980429697980333e-01 ]
T: !!opencv-matrix
   rows: 3
   cols: 1
   dt: d
   data: [ -6.0530629455819485e+00, 7.2743860851457297e-03,
       5.2727814059849887e-02 ]
R1: !!opencv-matrix
   rows: 3
   cols: 3
   dt: d
   data: [ 9.9997438606992084e-01, -2.9497265324912709e-03,
       6.5212205505040437e-03, 2.9085490671356723e-03,
       9.9997583107495536e-01, 6.3148719920777191e-03,
       -6.5396900850776801e-03, -6.2957429534392980e-03,
       9.9995879718829173e-01 ]
R2: !!opencv-matrix
   rows: 3
   cols: 3
   dt: d
   data: [ 9.9996133995709469e-01, -1.2017229826066489e-03,
       -8.7105943014646036e-03, 1.1467752353264836e-03,
       9.9997943164599834e-01, -6.3104034344677162e-03,
       8.7179984957141618e-03, 6.3001703801702988e-03,
       9.9994215050442259e-01 ]
P1: !!opencv-matrix
   rows: 3
   cols: 4
   dt: d
   data: [ 7.4208586948829418e+02, 0., 3.7390002059936523e+02, 0., 0.,
       7.4208586948829418e+02, 2.4732647132873535e+02, 0., 0., 0., 1.,
       0. ]
P2: !!opencv-matrix
   rows: 3
   cols: 4
   dt: d
   data: [ 7.4208586948829418e+02, 0., 3.7390002059936523e+02,
       -4.4920661425093585e+03, 0., 7.4208586948829418e+02,
       2.4732647132873535e+02, 0., 0., 0., 1., 0. ]
Q: !!opencv-matrix
   rows: 4
   cols: 4
   dt: d
   data: [ 1., 0., 0., -3.7390002059936523e+02, 0., 1., 0.,
       -2.4732647132873535e+02, 0., 0., 0., 7.4208586948829418e+02, 0.,
       0., 1.6519923036434855e-01, 0. ]
